#Ver_# findSecond_1
#NOTS# 24
#LOES# 00003 00005 00006 00007 00009 00010 00012 00013 00014 00015 00016 00017 00019 00021 00022 00023 00024 00026 00030 00031 00032 00033 00034 00035 00036 00037 00038 00040 00041 
#NOES# 29
#NOF_# 2
#LOFS# 16 19
#CASE#00001#R0# 1 1 1 1 0 0 1 1 1 0 0 0 0 1 0 1 1 0 1 1 1 1 1 1 1 1 1 0 0 
#CASE#00002#R0# 1 1 1 1 0 0 1 1 1 0 0 0 0 1 1 0 0 0 1 1 1 1 1 1 1 1 1 0 0 
#CASE#00003#R0# 1 1 1 1 0 0 1 0 0 1 0 0 1 1 0 1 1 0 1 1 1 1 1 1 1 1 1 0 0 
#CASE#00004#R0# 1 1 1 1 0 0 1 1 1 0 0 0 0 1 0 1 0 1 1 1 1 1 1 1 1 1 1 0 0 
#CASE#00005#R1# 1 1 1 1 0 0 1 0 0 1 0 0 1 1 0 1 0 1 1 1 1 1 1 1 1 1 1 0 0 
#CASE#00006#R1# 1 1 1 1 0 0 1 0 0 1 0 0 1 1 0 1 0 1 1 1 1 1 1 1 1 1 1 0 0 
#CASE#00007#R0# 1 1 0 0 1 1 1 1 1 0 0 0 0 1 0 1 1 0 1 1 1 1 1 1 1 1 1 0 0 
#CASE#00008#R0# 1 1 0 0 1 1 1 1 1 0 0 0 0 1 1 0 0 0 1 1 1 1 1 1 1 1 1 0 0 
#CASE#00009#R0# 1 1 1 1 0 0 1 0 0 1 1 1 0 1 0 1 1 0 1 1 1 1 1 1 1 1 1 0 0 
#CASE#00010#R0# 1 1 1 1 0 0 1 1 1 0 0 0 0 1 0 1 0 1 1 1 1 1 1 1 1 1 1 0 0 
#CASE#00011#R1# 1 1 1 1 0 0 1 0 0 1 1 1 0 1 0 1 0 1 1 1 1 1 1 1 1 1 1 0 0 
#CASE#00012#R1# 1 1 1 1 0 0 1 0 0 1 0 0 1 1 0 1 0 1 1 1 1 1 1 1 1 1 1 0 0 
#CASE#00013#R0# 1 1 0 0 1 1 1 0 0 1 0 0 1 1 0 1 1 0 1 1 1 1 1 1 1 1 1 0 0 
#CASE#00014#R0# 1 1 0 0 1 1 1 1 1 0 0 0 0 1 0 1 0 1 1 1 1 1 1 1 1 1 1 0 0 
#CASE#00015#R0# 1 1 0 0 1 1 1 0 0 1 1 1 0 1 0 1 1 0 1 1 1 1 1 1 1 1 1 0 0 
#CASE#00016#R0# 1 1 0 0 1 1 1 1 1 0 0 0 0 1 0 1 0 1 1 1 1 1 1 1 1 1 1 0 0 
#CASE#00017#R1# 1 1 1 1 0 0 1 0 0 1 1 1 0 1 0 1 0 1 1 1 1 1 1 1 1 1 1 0 0 
#CASE#00018#R1# 1 1 1 1 0 0 1 0 0 1 1 1 0 1 0 1 0 1 1 1 1 1 1 1 1 1 1 0 0 
#CASE#00019#R0# 1 1 0 0 1 1 1 0 0 1 0 0 1 1 1 0 0 0 1 1 1 1 1 1 1 1 1 0 0 
#CASE#00020#R1# 1 1 0 0 1 1 1 0 0 1 0 0 1 1 1 0 0 0 1 1 1 1 1 1 1 1 1 0 0 
#CASE#00021#R0# 1 1 0 0 1 1 1 0 0 1 1 1 0 1 1 0 0 0 1 1 1 1 1 1 1 1 1 0 0 
#CASE#00022#R1# 1 1 0 0 1 1 1 0 0 1 0 0 1 1 0 1 0 1 1 1 1 1 1 1 1 1 1 0 0 
#CASE#00023#R0# 1 1 0 0 1 1 1 0 0 1 1 1 0 1 0 1 0 1 1 1 1 1 1 1 1 1 1 0 0 
#CASE#00024#R0# 1 1 0 0 1 1 1 0 0 1 1 1 0 1 0 1 0 1 1 1 1 1 1 1 1 1 1 0 0 
